 0.3943829
 0.7830992
 0.79844
 0.9116474
 0.1975514
 0.3352228
 0.7682296
 0.2777747
 0.5539700
 0.477397
 0.6288709
 0.3647845
 0.5134009
 0.9522297
 0.916195
 0.6357117
 0.7172970
 0.1416026
 0.6069689
 0.0163006
 0.2428868
 0.1372316
 0.8041767
 0.156679
 0.4009444
 0.1297904
 0.1088088
 0.9989245
 0.2182569
 0.5129324
 0.8391122
 0.6126398
 0.2960316
 0.6375523
 0.5242872
 0.4935830
 0.972775
 0.2925168
 0.7713577
 0.5267450
 0.7699139
 0.4002286
 0.8915294
 0.2833147
 0.3524584
 0.8077245
 0.9190265
 0.0697553
 0.949327
 0.5259954
 0.0860558
 0.1922138
 0.6632269
 0.8902326
 0.3488929
 0.0641713
 0.020023
 0.4577017
 0.0630958
 0.2382800
 0.9706341
 0.902208
 0.8509198
 0.2666658
 0.5397604
 0.3752070
 0.7602487
 0.5125354
 0.6677238
 0.5316064
 0.0392803
 0.4376376
 0.931835
 0.9308098
 0.7209523
 0.2842934
 0.7385343
 0.6399788
 0.3540487
 0.6878614
 0.1659742
 0.4401045
 0.8800752
 0.8292011
 0.3303371
 0.2289682
 0.8933724
 0.3503602
 0.6866699
 0.9564682
 0.5886402
 0.657304
 0.8586763
 0.4395599
 0.9239698
 0.3984367
 0.8147669
 0.6842185
 0.910972
 0.4824907
 0.2158250
 0.9502524
 0.9201282
 0.14766
 0.8810622
 0.6410806
 0.4319534
 0.6195965
 0.2810594
 0.786002
 0.3074579
 0.4470336
 0.2261066
 0.1875331
 0.2762347
 0.5564438
 0.4165013
 0.169607
 0.9068039
 0.1031712
 0.1260753
 0.495444
 0.7604752
 0.9847516
 0.9350040
 0.684445
 0.3831883
 0.7497709
 0.3686635
 0.2941604
 0.2322615
 0.5844885
 0.2444127
 0.1523898
 0.7321485
 0.1254749
 0.7934704
 0.1641019
 0.7450714
 0.0745298
 0.950104
 0.0525293
 0.5215634
 0.1762107
 0.2400624
 0.797798
 0.7326544
 0.6565636
 0.9674051
 0.6394584
 0.7597349
 0.0934805
 0.1349024
 0.52021
 0.0782321
 0.0699064
 0.204655
 0.4614205
 0.8196773
 0.5733186
 0.7555808
 0.0519388
 0.1578071
 0.9999936
 0.2043286
 0.8899556
 0.1254685
 0.9977990
 0.0540576
 0.8705398
 0.0723288
 0.0041616
 0.9230691
 0.5938922
 0.1803723
 0.1631315
 0.3916902
 0.9130267
 0.8196952
 0.3590954
 0.552485
 0.5794300
 0.4525758
 0.6873874
 0.09964
 0.5308080
 0.7572938
 0.3042952
 0.9922284
 0.5769711
 0.8776138
 0.7478093
 0.6289099
 0.0354209
 0.7478029
 0.8332385
 0.9253765
 0.8732713
 0.8310375
 0.9794341
 0.7438112
 0.9033663
 0.9835957
 0.6668803
 0.4972585
 0.1639680
 0.8300118
 0.8889487
 0.0769947
 0.6497070
 0.2480441
 0.6294797
 0.2291370
 0.7006199
 0.3168671
 0.328777
 0.2314280
 0.0741610
 0.6330722
 0.2236564
 0.6511321
 0.5106860
 0.9714657
 0.280042
 0.5461069
 0.7192686
 0.1132806
 0.4714834
 0.5925399
 0.9443181
 0.4509176
 0.3363511
 0.8476844
 0.4345133
 0.0032315
 0.3449430
 0.5984813
 0.8332433
 0.2338917
 0.6754760
 0.4829503
 0.4819358
 0.3049557
 0.7120873
 0.1825558
 0.6218228
 0.0408643
 0.4139837
 0.6959838
 0.6739365
 0.6376402
 0.3471159
 0.1846225
 0.6091059
 0.6271579
 0.7307293
 0.3283744
 0.7404385
 0.2022128
 0.9209144
 0.6847565
 0.6531304
 0.2572655
 0.5324410
 0.0876436
 0.2604969
 0.8773839
 0.6861249
 0.0937402
 0.1112756
 0.3616009
 0.5766905
 0.5932115
 0.6665566
 0.2887778
 0.7757673
 0.2883794
 0.329642
 0.1897510
 0.9843632
 0.0035786
 0.8273911
 0.331479
 0.188201
 0.436497
 0.9586369
 0.9189304
 0.7648714
 0.6990754
 0.1211432
 0.6857858
 0.3838319
 0.7742735
 0.9430513
 0.9162729
 0.8619171
 0.2035482
 0.7936568
 0.548042
 0.2972884
 0.9049325
 0.9096429
 0.8739790
 0.4981439
 0.5761995
 0.1627567
 0.2739112
 0.8645790
 0.4923988
 0.4636621
 0.8489422
 0.4959774
 0.2910533
 0.1804212
 0.6841784
 0.7275503
 0.1390582
 0.6031088
 0.4924217
 0.8381336
 0.7242520
 0.1782075
 0.2219655
 0.4985255
 0.1212588
 0.1382385
 0.3604426
 0.3248070
 0.9318953
 0.9084846
 0.6220955
 0.8368278
 0.8181276
 0.4960744
 0.3349717
 0.3943272
 0.6588312
 0.6088828
 0.2589061
 0.1512300
 0.072545
 0.1078483
 0.6472074
 0.3635983
 0.2882695
 0.3313858
 0.0911486
 0.4273277
 0.9344947
 0.5835703
 0.2654613
 0.6587467
 0.7617778
 0.4874269
 0.1572721
 0.8830366
 0.6256653
 0.5177147
 0.2078436
 0.5575606
 0.4261994
 0.829939
 0.3943884
 0.2443270
 0.3260135
 0.72936
 0.6386542
 0.9848446
 0.3382429
 0.8975602
 0.1360746
 0.4107879
 0.0054085
 0.7832820
 0.7743862
 0.293678
 0.1146678
 0.8655348
 0.7210058
 0.0491625
 0.4491051
 0.9864671
 0.7079091
 0.2108829
 0.4738940
 0.8651812
 0.0939195
 0.0995593
 0.3828959
 0.301763
 0.6571199
 0.8090953
 0.1317021
 0.0515083
 0.0534223
 0.4577156
 0.7808684
 0.6920764
 0.4425602
 0.1191113
 0.5896367
 0.5786349
 0.5298992
 0.5950453
 0.3619168
 0.3042855
 0.8887233
 0.4765846
 0.1698203
 0.6097291
 0.5257471
 0.6189254
 0.5961962
 0.2336562
 0.8298083
 0.0700902
 0.0988374
 0.9237278
 0.1696495
 0.4817334
 0.2254909
 0.8267694
 0.2908287
 0.357193
 0.8782777
 0.3442509
 0.8149087
 0.659146
 0.0363274
 0.2574689
 0.7782573
 0.6259641
 0.8361037
 0.3081565
 0.2210094
 0.1980206
 0.612442
 0.1097327
 0.6746053
 0.7822623
 0.7194618
 0.2003524
 0.4011877
 0.315658
 0.4340086
 0.2309960
 0.3857482
 0.5328460
 0.1547238
 0.5553977
 0.0145793
 0.3802147
 0.3821672
 0.305408
 0.7374077
 0.2604448
 0.6496590
 0.5523164
 0.9195909
 0.6859863
 0.8097853
 0.6978482
 0.3119505
 0.645889
 0.0060048
 0.5329598
 0.8439096
 0.6184468
 0.6426925
 0.5185149
 0.400709
 0.3621543
 0.7188672
 0.8018967
 0.6778123
 0.1528758
 0.0328927
 0.0635606
 0.6857218
 0.1876164
 0.6189584
 0.7003011
 0.567831
 0.0011255
 0.0057091
 0.3052388
 0.2615703
 0.655368
 0.8575552
 0.1811612
 0.3413545
 0.6673405
 0.8790094
 0.6533049
 0.3132296
 0.8850142
 0.1862648
 0.1571392
 0.503461
 0.8289573
 0.675654
 0.90417
 0.1911116
 0.3945213
 0.7060667
 0.868924
 0.547397
 0.7389594
 0.9324846
 0.2331189
 0.9265758
 0.5514429
 0.93342
 0.4944069
 0.5525684
 0.9391292
 0.7996457
 0.8141387
 0.5944973
 0.6572009
 0.9952999
 0.9358518
 0.3245414
 0.8743094
 0.5891567
 0.6377710
 0.7593236
 0.7754214
 0.7949101
 0.2627846
 0.6043788
 0.4705642
 0.1669546
 0.7954904
 0.8650855
 0.8730214
 0.6644144
 0.4124826
 0.6119807
 0.596899
 0.6456015
 0.5385565
 0.1483419
 0.5790215
 0.0329634
 0.7009103
 0.5181507
 0.8326091
 0.515049
 0.1126479
 0.4898100
 0.510349
 0.0484997
 0.8143514
 0.3846584
 0.6376564
 0.4521224
 0.1439820
 0.4130778
 0.2470325
 0.4067666
 0.0174566
 0.7175968
 0.5737212
 0.812947
 0.5826823
 0.4467425
 0.4773614
 0.9951649
 0.0587232
 0.0742604
 0.6407663
 0.5972798
 0.2226024
 0.2197878
 0.6302432
 0.9235127
 0.7379385
 0.4628522
 0.4385618
 0.8505865
 0.9526622
 0.9489108
 0.8990861
 0.7670137
 0.3335692
 0.5367425
 0.219136
 0.4775512
 0.9498203
 0.4661686
 0.8843178
 0.9672769
 0.1837654
 0.4580390
 0.7802240
 0.7664476
 0.9047815
 0.2575854
 0.7616124
 0.9635047
 0.3318458
 0.4023788
 0.5607845
 0.5544482
 0.6221666
 0.1910277
 0.4779609
 0.3601051
 0.6538799
 0.9165227
 0.2106916
 0.6065422
 0.8654335
 0.1097777
 0.3735558
 0.1990027
 0.6465202
 0.5926919
 0.6765540
 0.5963405
 0.0588605
 0.5608718
 0.5636174
 0.2426258
 0.0189108
 0.3438414
 0.0090734
 0.9236923
 0.6014267
 0.7706859
 0.887197
 0.9332725
 0.1730646
 0.4479815
 0.4877207
 0.7952313
 0.6390092
 0.9656816
 0.1553364
 0.2928891
 0.8822042
 0.3660280
 0.8994313
 0.7476377
 0.4758056
 0.2729871
 0.9466405
 0.1223258
 0.865679
 0.6231945
 0.7186663
 0.9245395
 0.1840662
 0.2822838
 0.1671654
 0.2029770
 0.6261252
 0.1762388
 0.1266692
 0.2275519
 0.9469247
 0.0138663
 0.1608244
 0.1199893
 0.4618478
 0.6485451
 0.9152206
 0.1008570
 0.6142267
 0.0705570
 0.393746
 0.4964310
 0.4365849
 0.2931774
 0.2440687
 0.9123905
 0.5661645
 0.1907092
 0.0347164
 0.4318435
 0.8139037
 0.7533827
 0.356383
 0.9979699
 0.0356664
 0.5235484
 0.2009469
 0.6617916
 0.6997871
 0.3276161
 0.8893434
 0.6467118
 0.3414824
 0.0501679
 0.7667012
 0.8033302
 0.698713
 0.6819217
 0.9041871
 0.3129397
 0.7524787
 0.2979332
 0.8093707
 0.1890636
 0.5911106
 0.0534394
 0.1014542
 0.157275
 0.2441486
 0.1361705
 0.5891186
 0.0580523
 0.8895532
 0.9455016
 0.0560222
 0.9252197
 0.46905
 0.256969
 0.5870112
 0.1688372
 0.5845852
 0.4763547
 0.815549
 0.9260675
 0.5265226
 0.5822501
 0.7293977
 0.2252356
 0.2641719
 0.6335849
 0.5381753
 0.0166506
 0.931518
 0.3475460
 0.2057142
 0.5226287
 0.4009854
 0.3071683
 0.6799037
 0.6451340
 0.4433389
 0.2690223
 0.7031863
 0.332892
 0.2145240
 0.7592084
 0.2581117
 0.683574
 0.0161775
 0.8451229
 0.8524112
 0.6007627
 0.3214775
 0.6679602
 0.5268302
 0.8480001
 0.2502103
 0.2562279
 0.0732357
 0.5143822
 0.8898127
 0.6114109
 0.5310327
 0.8213308
 0.9589569
 0.7367470
 0.3439595
 0.3599422
 0.0439153
 0.0238632
 0.0050762
 0.4872542
 0.2928856
 0.7082624
 0.8201462
 0.5074096
 0.4674709
 0.0782579
 0.1909835
 0.4836484
 0.9233807
 0.0433947
 0.0844110
 0.2448583
 0.7113549
 0.6112412
 0.0928584
 0.9615652
 0.867469
 0.166094
 0.4759474
 0.7572818
 0.7775050
 0.0069801
 0.5786126
 0.7364619
 0.743727
 0.922572
 0.0964041
 0.7876424
 0.9464352
 0.1014803
 0.2748965
 0.2393208
 0.8097427
 0.0950428
 0.7467303
 0.2772136
 0.1733006
 0.9377139
 0.7608620
 0.0966814
 0.9811086
 0.845273
 0.3415397
 0.6924635
 0.4565142
 0.434398
 0.6540287
 0.3239833
 0.6004922
 0.1299760
 0.081265
 0.3779972
 0.136956
 0.6598776
 0.114459
 0.8806832
 0.5824496
 0.2108632
 0.6683255
 0.5288848
 0.3123435
 0.9432221
 0.7682056
 0.1220862
 0.0382648
 0.5149360
 0.3992999
 0.2115655
 0.4526498
 0.1601619
 0.3082469
 0.4337584
 0.0054349
 0.6497865
 0.1262219
 0.461949
 0.0841846
 0.7802505
 0.7859323
 0.6846768
 0.9102265
 0.8671973
 0.0626739
 0.0471826
 0.5270749
 0.1771330
 0.9278658
 0.1095246
 0.3879961
 0.5961913
 0.6384094
 0.7003396
 0.5394134
 0.406615
 0.8224258
 0.5776783
 0.9215510
 0.2217258
 0.7892437
 0.3742009
 0.3818876
 0.0974906
 0.8079593
 0.3873225
 0.7472771
 0.9341812
 0.8492716
 0.8314618
 0.7144316
 0.6352039
 0.5161386
 0.6246582
 0.5024013
 0.5788125
 0.6718408
 0.0294762
 0.7559455
 0.5997065
 0.1390008
 0.1439416
 0.1958979
 0.7774103
 0.8442813
 0.7353113
 0.1840253
 0.666707
 0.3129895
 0.1055763
 0.8884329
 0.1022333
 0.4797771
 0.2703205
 0.1997238
 0.2877364
 0.657643
 0.9470010
 0.2219175
 0.5069147
 0.7784627
 0.9363492
 0.1421186
 0.2946013
 0.5610074
 0.6445199
 0.8734138
 0.2328481
 0.673996
 0.6293593
 0.8325546
 0.8129969
 0.7733009
 0.0284525
 0.5904071
 0.6175822
 0.7637638
 0.7744324
 0.2842893
 0.0767534
 0.8800087
 0.1727221
 0.1789866
 0.3597859
 0.4430426
 0.3787105
 0.6475223
 0.1006857
 0.3257115
 0.8694398
 0.6076003
 0.1041742
 0.8057890
 0.7497189
 0.3987755
 0.3667963
 0.3942387
 0.2721893
 0.5996444
 0.0682348
 0.9015486
 0.4321991
 0.8812317
 0.6748496
 0.4606516
 0.4716388
 0.2924317
 0.2244155
 0.2460712
 0.576721
 0.3011689
 0.1260799
 0.7494432
 0.4801555
 0.4858658
 0.1924858
 0.8588660
 0.133388
 0.2931715
 0.1845774
 0.0028278
 0.9007718
 0.2887516
 0.8086168
 0.6504907
 0.6875271
 0.1754131
 0.0447295
 0.9597164
 0.7750576
 0.1129643
 0.861265
 0.2072567
 0.9941960
 0.5361146
 0.6679083
 0.4658348
 0.8285463
 0.8923238
 0.7119060
 0.4052674
 0.1934927
 0.8379859
 0.1547105
 0.6736482
 0.3238516
 0.3471963
 0.5325142
 0.4572397
